100101	18.144035
100102	19.024281
100103	25.693945
100104	28.773529
100105	27.138277
100106	20.984346
100107	20.197699
100108	22.668060
100109	15.140208
100110	24.346859
100111	31.040964
100112	20.066612
100113	27.049538
100201	17.831051
100202	20.354460
100203	25.363249
100204	22.403214
100205	19.655895
100206	34.583332
100207	8.497788
100208	14.223189
100209	23.785469
100210	18.710371
100211	23.930723
100212	19.848450
100213	17.020824
100214	18.890213
100215	15.058370
100216	25.487127
100217	21.163393
100218	22.789297
100301	21.409967
100302	23.956018
100303	22.688229
100304	24.026321
100305	25.863514
100306	18.570787
100307	28.802485
100308	19.605093
100309	24.492214
100310	25.851921
100311	16.639339
100312	11.739327
100313	24.426003
100314	20.418306
100315	25.785551
100316	28.676472
100317	20.122208
100318	21.545137
100319	17.634855
100320	24.213171
100321	27.612335
100322	13.995035
100323	25.366179
100324	29.724962
100325	23.055441
100401	8.347670
100402	11.512332
100403	12.514569
100405	17.490223
100406	17.930651
100407	18.395418
100408	21.631842
100409	27.071453
100410	30.450502
100411	26.067492
100413	15.298250
100414	21.186960
100415	21.592594
100416	19.084517
100417	31.956314
100418	27.186050
100419	15.442373
100420	16.644707
100421	32.289989
100422	26.612906
100423	26.769913
100424	20.095339
100425	26.057142
100426	28.015591
100427	22.979101
100428	23.881275
100429	30.948200
100430	11.218905
100431	13.352658
100432	19.712265
100433	21.189625
100434	20.994822
100436	8.226060
100437	9.910649
100438	12.501398
100439	8.498943
100440	24.025585
100441	21.710812
100442	17.582153
100443	18.646086
100444	23.634975
100501	20.525784
100502	28.199837
100503	16.582928
100504	8.848467
100505	13.914937
100506	23.677708
100507	18.530359
100508	4.820473
100509	13.641175
100510	18.353397
100511	30.382050
100512	12.890382
100513	8.961468
100514	16.812614
100515	21.483732
100516	5.081309
100517	15.672344
100601	11.074234
100602	35.697273
100603	9.930599
100604	17.480392
100605	27.792967
100606	11.952626
100607	20.758293
100608	20.119942
100609	23.619831
100610	11.337493
100611	30.383343
100612	23.264853
100613	36.771954
100614	19.858782
110102	27.852703
110103	13.961535
110105	19.108276
110106	-12.563448
110107	7.857054
110108	2.220873
110109	13.050354
110110	7.573416
110111	8.727906
110112	16.445818
110113	17.754026
110114	18.331322
110115	22.957138
110116	16.824234
110117	4.849709
110118	20.318123
110119	17.955311
110120	19.906811
110121	19.235056
110122	22.267004
110123	24.274652
110124	26.229399
110125	27.594936
110126	27.783321
110127	30.387957
110128	31.509268
110129	22.630117
110131	23.417887
110132	29.751730
110133	29.753620
110134	27.866667
110135	33.623539
110136	21.351170
110137	10.719955
110138	24.203215
110142	27.199623
110201	14.336473
110202	20.504293
110203	31.559816
110204	24.151321
110205	47.440701
110206	27.373922
110207	30.270714
110208	35.036770
110209	30.761904
110210	29.469124
110211	17.906597
110212	22.321428
110213	33.272728
110214	27.689487
110215	34.575260
110217	-3.811393
110218	27.044180
110305	13.791945
110306	28.702370
110307	31.340582
110308	25.452602
110309	33.282288
110310	28.270678
110311	21.724617
110312	16.059832
110313	26.069868
110314	26.149040
110316	25.837320
110317	16.222221
110318	27.983194
110322	24.659035
110323	29.768137
110326	31.481480
110327	26.361162
110331	30.128536
110332	22.362453
110333	20.268532
110334	29.129202
110335	26.875002
110336	29.053085
110338	30.361757
110401	19.631388
110402	19.436478
110403	22.914127
110404	22.888161
110405	20.355959
110406	18.302263
110407	22.546459
110408	25.537956
110409	28.730619
110410	23.304399
110411	20.206747
110412	28.238073
110501	19.715279
110502	20.323349
110503	21.939234
110504	22.852928
110505	11.392228
110506	18.696058
110507	18.605408
110508	24.025518
110509	20.304226
110510	23.927671
110511	25.858006
110512	20.168747
110513	24.762976
110514	28.750000
110515	23.158083
110516	29.037300
110517	20.631020
110518	15.761237
110601	27.357138
110602	24.607201
110603	17.808830
110604	18.711243
110605	24.183792
110701	22.914379
110702	29.530516
110703	30.334076
110704	36.875000
110705	31.678162
110706	31.862312
110707	29.035715
110709	33.333336
110710	32.978722
110711	32.545452
110712	31.428572
110713	30.352303
110714	31.529411
110715	42.481884
110716	33.333336
110801	9.895871
110802	27.397833
110804	10.150785
110805	14.405532
110806	23.594288
110807	16.824951
110808	21.449617
110809	18.565979
110810	20.765186
110811	16.763948
110812	20.562986
110814	14.449181
110815	24.689575
110816	26.731903
120101	16.019703
120102	25.243347
120103	16.055973
120104	15.597931
120105	17.341995
120106	13.670479
120107	18.147621
120108	19.030561
120109	26.492012
120110	24.864395
120111	19.011213
120112	24.925388
120113	26.264078
120115	21.027725
120201	27.198780
120202	15.129572
120203	13.989317
120204	25.475508
120205	15.330535
120208	22.130779
120301	24.619482
120302	24.688866
120303	27.726629
120304	22.906403
120305	38.382538
120306	19.458128
120307	40.555553
120308	26.672777
130101	17.108488
130102	18.327980
130103	25.492304
130104	29.181496
130105	21.410479
130106	19.577036
130107	24.089602
130108	27.692854
130109	22.784857
130110	21.136133
130111	24.477779
130112	20.687830
130113	21.539249
130201	23.411728
130202	28.591230
130203	20.240047
130204	11.335822
130205	19.693913
130206	16.453777
130207	17.210558
130208	24.321421
130301	24.709679
130302	19.425795
130303	23.663994
130304	21.545450
130305	24.768261
130306	27.696817
130307	27.506226
130308	27.531448
130309	25.212919
130310	25.415590
130313	21.396975
130314	26.062298
130315	-24.633308
130316	20.554096
130317	32.428654
130401	12.327169
130402	18.227077
130403	23.704594
130404	14.785589
130405	22.370958
130407	28.324696
140803	33.222149
300101	20.969362
300102	41.677692
300103	42.976940
300104	57.800228
300105	46.110325
300106	46.131470
300107	51.886456
300109	46.233768
300110	47.625000
300111	55.083458
300112	54.373924
300113	34.077255
300114	47.093021
300115	45.392296
300116	43.969204
300117	62.036026
300118	43.902439
300121	57.971012
300201	49.194729
300202	49.498745
300203	46.948608
300205	46.805946
300206	46.265854
300207	42.113171
300208	57.055218
300209	42.846272
300210	32.937927
300301	27.491055
300302	27.800407
300303	36.995052
300304	41.784035
300305	37.725906
300307	22.591709
300408	44.951550
300409	41.820419
300410	66.224190
300411	50.201614
300412	27.881548
300413	51.562500
300414	43.088364
300416	27.205568
300417	66.666672
300418	42.677086
300420	20.976395
300422	29.360062
300423	31.516283
300424	31.441063
300425	52.307693
300426	27.697369
300427	23.717060
300428	34.132610
300501	38.283379
300502	35.213634
300503	40.375587
300504	26.752943
300507	48.571430
300601	35.048233
300602	46.799477
300603	45.912231
300604	51.415325
300605	42.216164
300606	50.192581
300607	47.029705
300608	49.091702
300609	52.284504
300610	44.968182
300611	29.431328
300612	46.799877
300613	37.679558
300614	40.968086
300701	25.996670
300702	26.180305
300703	35.518349
300704	24.616251
300705	31.828630
300706	35.450294
300707	28.706867
300708	27.419706
300709	22.606077
300711	37.417671
300712	30.076132
300713	32.818878
300714	34.625092
300716	28.130070
300801	25.329420
300802	30.653227
300803	32.138115
300804	27.916666
300805	26.467613
300806	31.983570
300807	27.358490
300808	37.670666
300904	50.181816
300905	69.933281
301002	51.923077
320101	22.576757
320102	30.761814
320103	28.474527
320104	30.827185
320106	46.212673
320107	27.211740
320108	8.826005
320201	24.225790
320202	29.823259
320203	36.748688
320204	46.822227
320205	36.539425
320206	34.406429
320301	36.104004
320303	25.979382
320304	31.396198
320306	40.238094
320308	32.072609
320309	32.027779
320310	37.268333
320401	34.937057
320402	30.739620
320403	31.263983
320404	27.591015
320405	36.956520
320406	26.949211
320407	34.128357
320408	26.387316
320409	28.014656
320410	37.086094
320411	21.877150
320501	32.070000
320502	29.455978
320503	34.057911
320506	33.129391
320507	32.226166
320508	34.830727
320509	36.279598
320510	32.328068
320601	67.415733
320602	29.750002
320606	32.259258
320703	43.548386
320704	41.889282
320801	29.800854
320803	36.363636
320804	35.346889
320903	39.852009
320904	27.200001
321003	39.562538
321004	55.274727
321101	46.387421
321102	37.834038
321103	33.846153
321203	39.613213
321301	28.414288
321302	42.587063
321303	37.587585
321304	31.815750
321305	40.346279
321307	37.505440
321308	29.977289
340101	-33.458649
470101	19.076977
470102	20.534103
470103	19.638733
470105	18.900274
470106	18.960909
470107	21.937645
470108	11.873015
470109	18.821848
470110	21.175449
470201	23.967972
470202	21.257328
470203	21.033281
470204	17.846607
470205	20.957436
470206	21.053705
470207	21.691957
470208	22.118610
470209	16.448326
470210	21.233446
470211	23.704182
470212	21.182062
470213	18.296530
470301	20.868061
470302	13.551402
470305	26.021004
470307	15.070923
470401	20.996140
470402	18.294971
470403	21.319311
470404	21.551382
470405	19.745224
470406	26.666668
470501	21.256527
470502	23.073072
470504	21.790331
470505	21.223022
470601	23.587908
470602	22.746891
470603	15.177065
470604	20.652174
470606	23.987539
470607	27.058825
470609	20.086550
470610	18.660288
470611	22.600290
470612	20.771929
470613	21.471573
470701	24.912281
470702	23.803980
500101	48.964142
500102	29.518560
500103	39.536079
500105	46.042599
500106	46.945873
500107	42.519684
500108	68.890305
500109	43.969631
500110	48.469387
500111	50.966705
500112	49.878254
500115	41.773701
500117	49.714287
500118	47.142857
500119	43.965519
500201	2.487441
500202	2.672749
500203	9.339695
500204	14.841943
500205	28.021240
500206	17.743511
500207	18.685818
500208	8.781418
500209	14.597610
500210	3.299368
500211	41.176472
500212	9.749038
500301	30.674128
500302	34.966572
500303	45.000435
500304	31.590996
500305	40.894226
500306	42.348202
500307	23.335127
500308	35.201107
500309	25.451935
500310	35.296703
500311	25.266394
500312	50.000000
500313	26.061028
500315	28.842106
500316	34.758564
500317	15.165016
500318	39.260464
500319	37.399300
500320	34.755821
500321	41.007195
500322	33.046684
500323	42.880829
500325	34.545456
500326	40.360611
500332	31.869629
500333	44.869431
500334	47.391304
500335	40.000000
500339	36.237373
500341	30.267859
500343	48.611111
500344	48.658318
500345	27.766600
500346	30.016211
500347	32.512318
500348	44.230766
500349	41.578949
500402	43.719181
500403	44.177513
500404	50.902687
500405	46.969696
500406	37.165936
500407	34.711399
500408	24.704842
500409	42.857143
500412	42.016808
500414	38.837208
500416	38.621586
500417	44.556114
500418	38.230755
500419	28.524670
500501	33.234200
500502	42.713268
500503	38.824429
500504	41.558441
500506	41.872486
500509	44.990112
500510	47.935734
500511	37.997726
500513	45.161289
500514	29.338709
500515	36.274509
500516	39.893620
500517	46.000000
500518	30.692207
500520	17.001812
500521	36.887333
500525	44.827587
500526	38.539326
500527	41.060604
500529	41.683777
500531	27.300613
500534	39.975552
500535	40.404552
500537	42.998352
500538	17.575575
500539	42.349236
500540	39.483997
500541	36.675461
500542	39.191814
500544	36.387455
500545	36.056499
500546	44.148148
500547	32.042252
500548	45.745529
500549	36.619717
500553	38.454105
500554	34.225048
500555	35.658913
500556	41.111111
500558	36.474907
500559	38.900284
500560	38.579880
500561	39.903664
500562	40.761749
500564	34.461632
500601	36.909199
500602	38.965885
500603	38.133293
500604	29.190790
500605	35.697399
500606	34.608150
500608	26.493000
500609	52.142860
500701	41.816460
500702	43.572079
500703	42.688042
500705	35.727222
500707	37.494843
500708	37.775154
500709	42.102859
500711	36.653358
500802	38.380150
500803	19.198114
500804	17.945621
500805	43.587215
500806	42.410343
500807	38.692390
500808	35.708813
500810	24.791666
500811	39.290161
500901	31.152779
500902	24.375000
500903	38.090496
500905	52.062660
501001	38.600811
501002	40.323879
501003	42.487160
501004	37.252747
501005	40.670055
501101	41.317276
501102	39.395058
501103	30.341969
501104	35.507248
501105	31.770918
501106	32.261906
501107	32.018818
501108	42.285713
501109	49.859154
501110	33.318966
501112	38.461540
501114	35.317459
501115	37.500000
501116	36.000000
501117	24.923077
501118	27.589544
501119	32.500000
501120	41.115879
501122	26.372871
501123	33.679161
501124	29.898989
501125	30.652878
501126	28.823530
501127	35.497074
501128	41.538464
501129	35.795746
501130	43.750000
501131	43.120605
501132	47.670250
501133	39.268295
501134	36.690647
501135	44.023903
501136	21.004709
510101	32.753510
510103	28.674286
510104	26.572487
510105	29.949375
510108	41.495781
510109	42.795364
510110	36.239304
510113	29.377859
510114	27.836388
510116	30.520205
510117	36.904762
510118	39.001427
510119	39.879929
510120	30.113243
510121	32.383423
510122	33.447098
510123	36.071430
510124	34.575375
510201	36.310024
510202	39.130981
510204	38.221153
510205	50.358181
510301	43.929359
510302	39.562775
510303	42.062691
510304	42.431339
510305	42.920849
510306	47.222221
510308	46.272728
510309	47.222221
510310	55.909092
510311	39.297123
510312	49.073597
510313	49.712643
510314	45.175766
510315	48.658291
510316	42.424244
510317	45.520100
510318	51.809956
510319	53.341984
510321	47.805641
510322	56.250000
510325	54.031746
510326	27.261555
510327	46.096558
510328	47.058823
510329	42.234219
510401	42.885902
510402	32.514309
510403	40.625000
510404	32.647732
510407	47.723816
510408	38.715279
510409	38.435371
510410	39.795918
510411	37.427841
510412	35.116776
510413	40.881939
510414	43.003731
510415	43.719009
510416	50.000000
510417	42.878540
510418	39.393181
510419	41.709755
510420	38.510159
510422	36.051830
510424	39.195045
510425	43.836735
510427	41.835026
510428	41.691395
510501	43.310848
510502	43.577980
510503	48.565571
510505	36.125393
510506	51.066620
510507	39.112488
510508	43.113770
510510	47.663551
510512	40.645485
510513	50.209206
510515	45.517242
510518	44.472359
510519	48.629150
510521	42.335766
510522	40.456013
510524	40.070026
510525	18.244488
510526	38.655464
510527	46.207253
510529	47.286110
510530	46.035362
510531	43.917526
510532	37.857143
510533	37.837837
510535	49.021210
510538	43.291592
510539	42.929737
510607	41.791046
520101	43.855228
520102	42.233532
520103	40.167366
520105	40.975880
520107	40.870708
520108	47.188835
520111	40.952381
520112	44.880177
520113	35.434280
520114	45.766773
520115	44.000000
520116	55.454548
520119	35.069798
520120	41.503464
520121	39.535259
520122	42.588131
520123	49.224575
520124	47.563026
520125	46.495327
520126	47.254047
520133	39.847630
520134	45.222931
520135	54.121864
520137	45.536282
520139	46.346027
520141	46.032482
520142	43.378998
520144	30.966845
520201	42.111076
520202	42.420612
520203	48.732288
520204	46.003517
520205	43.808861
520206	52.445774
520208	46.381268
520209	44.438709
520210	41.736324
520211	42.049469
520213	43.413517
520215	44.859810
520220	50.284897
520221	43.337109
520222	29.981909
520226	33.394581
520227	52.207207
520228	31.305382
520230	44.143452
520231	39.728146
520232	50.195950
520234	26.024338
520301	42.857143
520302	39.359268
520303	40.571426
520304	39.967949
520305	38.975967
520308	42.306805
520309	51.174934
520310	39.398731
520311	39.361599
520314	50.853123
520316	47.238445
520317	48.635056
520319	49.117954
520320	40.786831
520321	60.952385
520322	45.839638
520324	43.833015
520325	21.479452
520327	45.604397
520328	36.156673
520401	44.079845
520402	41.898338
520403	28.419071
520404	38.554214
520405	45.089668
520406	50.181557
520407	31.052631
520409	48.504272
520410	38.710327
520414	43.121376
520415	53.086418
520417	46.696835
520419	41.221794
520420	53.764885
520422	55.882351
520423	84.427086
520424	48.564194
520425	41.374378
520426	43.357487
520431	25.161289
520433	37.170250
520434	36.111111
520436	53.070023
520437	39.410667
520440	45.911438
520441	55.050503
520442	40.823303
520443	35.761917
520444	41.800003
520446	50.054054
520448	40.721928
520452	19.483557
520457	18.676542
520459	44.754101
520460	50.970875
520463	39.019608
520464	46.041058
520465	24.319332
520466	36.366577
520469	34.912334
520470	48.034199
520471	39.052288
520472	34.038845
520473	33.945438
520501	43.238232
520502	50.219299
520503	43.690601
520504	48.804546
520505	34.426231
520508	46.630314
520509	38.011696
520510	46.038841
530101	18.890017
530102	19.641750
530103	19.232018
530104	30.522263
530105	18.566624
530106	36.200027
530107	25.983175
530108	38.525589
530109	37.224037
530110	15.362268
530111	27.030081
530112	27.849764
530113	27.781231
530114	17.241501
530116	18.105257
530117	18.319210
530119	19.749517
530120	29.252031
530122	3.745318
530123	18.668165
530125	21.454433
530126	36.812660
530130	29.719389
530132	45.500000
530133	46.666668
530201	25.885862
530202	23.500139
530203	25.901794
530204	27.573282
530205	30.688005
530206	29.032650
530207	29.967039
530208	37.663158
530209	15.545340
530210	21.093750
530211	34.972946
530212	21.359945
530213	32.462246
530215	29.079060
530217	29.455780
530219	29.974022
530220	23.720371
530221	31.622072
530222	36.825451
530223	33.490566
530225	37.339649
530226	33.333336
530227	19.580212
530228	21.493868
530301	12.230115
530302	12.778124
530303	18.846420
530304	35.217392
530401	12.383904
530402	14.603985
530403	7.034112
530404	13.981952
530405	16.492085
530406	12.696070
530407	5.122776
530408	10.023115
530409	29.481182
530410	28.676558
530411	-1.764934
530412	20.898067
530414	43.292683
530501	23.761139
530502	24.001009
530503	25.005594
530504	24.755106
530505	13.676482
530506	22.708334
530601	20.632366
530602	28.846096
530603	20.416618
530604	17.715078
530605	34.533264
530606	34.021164
540101	34.060291
540102	27.879581
540103	37.734966
540104	41.218178
540107	48.036255
540108	41.797646
540109	41.822620
540110	25.585213
540112	35.467979
540113	39.092957
540114	16.700611
540115	37.914894
540116	34.604317
540117	41.436924
540119	44.271030
540201	41.284977
540202	39.707989
540203	29.791836
540204	39.993511
540205	41.794312
540206	39.226593
540207	42.730568
540209	33.795040
540210	17.353340
540211	34.534485
540212	46.049385
540213	46.869408
540214	17.441860
540215	39.671455
540216	41.969147
540217	27.832096
540218	40.366970
540219	34.869335
540220	44.000000
540222	24.089285
540223	38.518517
540224	43.464626
540226	38.102524
540228	30.301275
540301	35.185184
540306	41.489365
540309	23.571428
540310	18.416668
540407	33.297180
540408	35.982185
540601	41.238255
540602	42.654030
540604	33.333336
540605	39.068283
540606	35.694466
540607	41.362129
540608	46.666668
540609	40.175953
540610	24.360237
540611	40.569393
540612	38.556335
540613	37.317581
540615	44.112770
540616	45.901638
540617	41.206154
550104	51.953125
550302	16.901407
550502	42.170818
550508	46.153847
550612	41.428574
550703	45.161289
550716	27.142859
550718	37.777779
560101	22.149317
560102	14.436378
560103	18.148405
560104	16.018000
560106	19.226910
560107	14.949658
560108	41.227230
560109	24.072145
560110	36.106075
560111	35.525322
560112	39.360092
560113	39.245899
560116	30.412718
560117	24.638109
560201	7.159993
560204	8.725027
560301	34.266666
560302	45.959595
560303	49.063671
560304	44.772827
560305	45.320198
560306	42.337444
560307	40.486156
560308	37.331257
560309	37.913742
560310	51.198257
560311	42.435753
560312	42.011246
560314	41.542004
560316	43.067783
560317	34.803329
560321	38.170731
560322	35.224606
560323	38.678371
560324	42.309685
560325	30.261751
560326	30.909092
560327	38.240345
560328	37.395126
560329	41.355820
560330	45.323009
560333	30.531752
560334	36.384792
560335	38.885460
560336	34.178753
560337	39.165291
560338	32.472324
560339	37.341240
560340	36.460556
560341	29.351309
560342	33.333336
560343	46.867882
560344	37.239326
560345	36.420788
560346	53.061222
560348	38.050541
560349	33.654797
560350	42.857143
560351	37.482254
560356	32.508961
560357	39.213570
560358	39.191730
560359	41.728626
560360	38.071278
560401	13.507253
560402	6.017616
560403	6.883309
560404	37.269508
560405	7.803170
560406	33.285511
560407	36.133335
560408	51.490517
560409	39.623158
560502	9.210084
560504	36.314972
560507	27.506214
560509	46.561771
560513	38.425926
560515	51.569511
560516	56.562500
560517	42.266518
560518	41.067738
570101	44.003868
570102	30.592409
570103	26.649929
570104	44.553642
570105	50.000000
570106	43.154839
570107	42.954887
570108	39.772446
570201	41.715580
570202	34.615387
570204	39.627522
570205	37.302963
570206	46.519760
570210	37.357952
570211	29.826841
570212	44.745831
570213	29.411766
570301	41.653446
570302	46.126682
570303	47.772987
570304	46.309124
570305	41.812401
570306	41.736595
570307	44.394482
570308	35.250916
570309	47.019230
570310	42.626076
570311	36.986462
570314	41.924686
570315	37.040348
570401	43.649059
570402	38.283226
570403	38.814457
570404	34.912552
570405	35.295547
570406	45.625000
570407	39.825092
570408	43.606998
570413	44.222023
570414	45.876862
570415	46.138424
570416	42.066563
570417	42.423161
570418	49.350651
590102	67.333336
590103	44.219887
590104	37.104866
590105	87.659576
590106	94.776115
590108	50.750000
590109	38.235294
590202	81.108833
590203	37.649006
590204	39.494652
590206	47.222221
590208	39.144737
590211	34.660080
590301	19.472486
590302	20.081688
590303	42.962963
590304	41.729321
590305	41.488277
590307	31.284475
590309	44.148937
590310	27.064573
590311	35.000458
590312	22.058743
590317	52.173912
590318	34.868877
590319	24.251337
590402	22.535212
590501	37.176987
590502	38.780487
590504	60.442097
590505	40.127388
590506	36.290096
590507	37.767971
590512	34.841629
590514	25.843884
590515	29.476463
590516	8.422769
590517	59.840424
590519	35.151333
590521	35.596615
590522	33.602325
590523	39.069767
590525	38.333332
590527	34.873951
590528	42.045452
590531	29.783195
590601	40.695652
590603	34.463722
710101	21.208073
710102	39.507771
710201	24.349335
710202	27.586948
710203	15.932472
710301	9.440418
710302	30.679432
710401	47.826088
710402	27.948719
710501	21.077547
710502	16.280773
710601	26.071430
710603	29.609131
710604	13.362921
710605	15.249187
710701	15.714286
710703	13.056171
710704	22.679529
710705	15.044795
710801	7.406790
710802	9.382428
710803	22.410105
710901	9.436834
710902	9.436834
711103	23.656446
711201	15.820217
711203	34.511333
711302	40.522877
711303	42.669945
711304	30.335629
711305	35.705780
711307	46.913578
711310	13.283608
711311	39.992439
711314	37.344631
711321	31.418154
711402	13.714944
711405	7.816712
711409	-22.110992
711501	14.503426
711502	8.857921
711601	22.410158
711602	33.198231
711701	16.781174
711702	10.284119
711801	16.663828
711901	25.028742
711902	13.503829
712001	48.582088
712102	16.808624
712201	23.915068
712401	36.186771
712501	15.619227
712502	23.906706
712503	14.990607
712504	22.728529
712505	12.433830
712601	39.782017
712701	13.428309
712802	1.710171
712901	29.011654
712902	16.834867
712903	28.631285
713001	11.759916
713101	46.029636
713102	33.141083
713305	43.684212
713901	7.511148
713902	22.170362
714005	31.591562
714008	8.731694
714010	26.122082
714012	16.885906
714101	11.481378
714102	16.357269
714601	3.151513
714701	31.684059
714901	11.028807
715001	2.477777
715002	9.371135
715111	5.457149
715401	22.460615
715609	10.209515
715701	7.073955
715903	40.981243
715911	20.707884
716101	36.150005
720101	38.708874
720102	38.961147
720104	39.679848
720105	41.737289
720106	36.500000
720107	53.797466
720109	45.517242
720111	38.945232
720113	46.470589
720115	47.919010
720116	60.594795
720117	43.640350
720118	30.521530
720120	37.516712
720122	24.915117
720123	45.625000
720124	51.464432
720126	53.061222
720129	45.338699
720130	32.504768
720131	48.173912
720132	38.769230
720133	42.081978
720134	46.969696
720135	34.015411
720136	38.991558
720137	45.304779
720201	42.571430
720202	48.214287
720203	54.444443
720204	46.315788
720205	46.361820
720207	38.579235
720208	37.877213
720209	54.058193
720210	31.920200
720211	43.658535
720212	36.666668
720214	41.819664
720215	45.723568
720216	44.819557
720217	44.474361
720218	43.545456
720219	29.763561
720221	31.903059
720222	15.735294
720224	50.170200
720225	35.176212
720226	42.852066
720301	40.943615
720302	36.812572
720303	36.729370
720304	32.816662
720305	56.706696
720306	41.792618
720307	41.360386
720308	41.002007
720309	48.538010
720310	36.813320
720311	41.040462
720312	27.910534
720313	39.700542
720314	38.623535
720316	49.184288
720317	41.803280
720318	40.801094
720402	37.516869
720403	47.011955
720404	22.727274
720405	55.865921
720410	49.740932
720501	39.910469
720502	40.788250
720503	44.875000
720504	23.916325
720505	46.090534
720506	37.514500
720507	1.160140
720508	36.470837
720509	34.207760
720510	34.419014
720511	30.167597
720512	49.925373
720514	39.234581
720515	10.629832
720516	40.523884
730101	37.827179
730102	33.160397
730103	33.656563
730104	32.356808
730105	32.026657
730106	34.000000
730107	29.943392
730108	39.445301
730109	35.104671
730110	46.153847
730111	47.802197
730113	39.879997
730114	22.207268
730115	32.291664
730117	33.707867
730120	44.444447
730121	35.390427
730122	18.975931
730125	29.453377
730130	30.000002
730132	43.750000
730134	41.666664
730135	36.882717
730136	35.357140
730137	40.000000
730144	45.616882
730145	38.034008
730150	27.213823
730201	39.917587
730202	46.630436
730203	41.107761
730204	43.859650
730205	48.148148
730206	31.147539
730207	46.153847
730208	39.103554
730301	38.184513
730302	34.566093
730303	23.855719
730304	35.467979
730306	48.488663
730307	44.827587
730309	41.824009
730310	21.649433
730311	47.048302
730312	22.570433
730313	21.234108
730314	32.537575
730315	40.391861
730317	40.238094
730319	34.688797
730320	35.094585
730322	43.379574
730323	24.660633
730326	41.140202
730401	26.962025
730403	37.681160
730404	33.888889
730415	36.428570
730502	24.537661
730503	11.270890
730504	40.307842
730505	37.500000
730508	33.981480
730509	37.704918
730602	22.703297
730603	21.667076
730604	25.894053
730608	16.442244
730609	37.395645
730610	17.391304
730701	40.000000
730702	23.737244
730703	18.717216
730704	13.941516
730705	24.101103
730706	9.386301
730708	37.866367
730709	37.180328
730710	53.370785
730714	34.897579
730715	23.646166
730716	24.952993
730718	24.633818
730719	30.701694
730720	20.253521
730801	24.691652
730802	27.471659
730804	14.528344
730805	41.428574
730901	24.177853
730907	34.480518
731006	35.611111
731009	23.997444
731010	31.277927
731106	42.765274
731201	20.553200
731202	27.205736
731301	30.636972
731302	10.336728
731303	35.137508
731304	32.838413
731305	32.007233
731307	32.953106
740101	42.105263
740102	37.082905
740103	42.424244
740104	50.840057
740105	31.972525
740106	38.368702
740201	43.212067
740202	42.380951
740203	42.380951
740204	46.215141
740205	37.201553
740206	46.297741
740207	47.144154
740301	42.987804
740303	46.379311
740304	58.249420
740305	61.697926
740306	43.060585
740401	49.709301
740402	57.718784
740503	49.166668
740504	45.101349
740604	35.909088
740605	39.928059
740606	44.032257
740607	45.609756
740801	41.062355
740802	44.700123
740803	44.164383
740804	37.439999
740805	34.754105
740806	24.130663
740807	45.992725
750101	44.281830
750102	46.666115
750103	39.461369
750104	22.900070
750105	38.297874
750106	34.591476
750202	27.598841
750302	34.896812
750506	18.168924
750508	-0.475248
750510	17.582340
750701	23.112547
750802	35.333332
750804	49.500000
750807	24.527033
750811	17.721519
750813	40.312500
750814	47.104378
750902	42.888889
751001	32.750000
751004	30.790836
751005	50.909088
751101	32.479256
751201	37.527115
751202	41.241310
751203	34.649334
751204	40.486954
751205	40.000000
751206	29.871380
751207	93.198769
751208	38.120808
760101	40.318882
760102	44.153847
760103	45.576950
760104	35.647003
760105	54.763802
760106	47.272728
760107	39.665424
760108	51.106197
760109	42.560268
760110	35.969868
760111	42.859093
760112	116.622688
760113	58.194447
760114	47.373447
760115	36.101097
760116	35.464077
760117	50.090538
760118	46.100567
760119	42.231709
760120	46.282799
760121	46.379780
760122	45.743145
760123	42.432682
760124	48.769230
760125	42.500000
760126	30.059523
760127	38.425926
760128	38.787876
760129	38.596489
760130	48.089890
760131	42.307693
760132	31.619736
760134	51.162792
760135	11.821863
760136	32.847221
760137	35.839161
760138	60.714287
760140	43.115757
760141	36.666668
760142	51.656364
760143	23.182297
760145	46.557720
760146	38.735737
760147	36.052040
760148	42.348179
760149	43.076923
760151	37.457748
760152	44.415020
760153	42.979942
760154	45.833336
760155	27.408310
760156	37.698410
760157	53.009258
760158	41.345837
760159	45.679012
760162	36.869564
760163	31.890863
760164	42.325310
760165	36.784512
760166	54.098362
760167	58.428047
760168	50.000000
760169	37.352940
760170	39.732033
760171	52.343750
760172	29.078012
760173	40.000000
760176	43.154762
760178	56.000000
760179	48.484848
760182	38.596489
760183	35.938141
760184	40.000000
760186	49.376560
760188	39.088573
760189	33.290817
760190	46.428570
760191	32.826839
760194	37.121212
760196	54.844666
760201	39.856632
760202	42.017544
760203	33.881172
760204	48.453609
760205	36.792877
760207	53.272449
760208	42.326782
760209	36.569229
760210	34.913498
760211	38.357925
760212	48.446449
760213	39.705883
760214	40.975727
760216	40.286625
760217	41.025642
760218	41.053261
760219	38.331116
760220	29.986942
760221	40.988491
760223	43.889843
760224	39.388916
760225	41.882557
760226	38.012375
760227	38.660416
760228	40.978592
760229	38.229370
760230	42.673229
760231	35.692307
760232	42.954353
760233	44.655170
760234	36.942677
760235	37.807484
760301	38.584335
760302	45.543453
760303	48.738171
760304	60.000004
760305	47.009312
760306	49.054726
760307	55.029583
760308	56.395348
760402	33.202274
760404	44.444447
760405	44.827587
760406	43.754898
760409	37.169067
760411	50.274078
760502	41.099010
760503	40.988564
760504	30.912548
760505	37.539299
760506	41.408623
760507	42.895664
760508	45.454548
760509	40.312027
760510	41.351570
760511	35.227272
760512	45.374191
760513	55.201107
760514	45.523418
760515	33.333336
760516	48.534424
760517	46.284550
760518	33.072403
760519	38.351418
760520	41.150154
760522	43.150684
760523	31.366619
760524	43.293411
760525	36.688313
760526	42.304047
760527	53.442467
760528	43.861492
760529	44.477318
760530	40.687759
760531	50.000000
760534	29.821936
760535	38.237823
760536	39.517151
760537	38.681393
760538	33.951698
760539	40.768429
760540	43.722141
760541	38.777237
760542	46.028709
760543	45.673077
760544	43.942650
760545	41.830601
760546	42.201038
760548	48.507198
760549	41.519726
760550	40.600925
760551	45.623474
760552	37.546467
760553	37.781776
760554	40.191547
760555	46.065807
760556	45.114117
760557	43.006580
760560	46.953403
760561	36.144085
760562	45.512817
760563	33.010830
760564	32.710136
760565	34.337349
760569	38.878952
760570	32.266380
760574	25.522694
760575	41.657810
760576	26.369539
760577	38.013409
760578	32.808220
760579	56.377556
760580	26.632954
760581	45.238785
760582	23.965517
760583	38.143295
760584	37.106113
760586	42.768475
760587	36.864307
760588	42.399998
760589	33.840950
760590	53.333336
760591	33.757961
760592	47.914772
760593	4.171714
760594	31.299734
760597	9.083536
760598	35.470085
760599	40.384613
760600	40.000000
760601	37.135868
760602	33.984608
760603	34.261063
760604	36.677116
760606	41.750843
760607	35.227272
760608	43.162392
760609	39.499210
760613	31.073444
760614	38.501743
760616	26.040062
760617	48.945614
760618	39.970512
760619	47.731606
760620	49.027779
760621	38.167938
760622	32.519138
760623	44.548977
760624	39.166668
760625	45.210571
760626	48.550724
760629	40.000000
760630	45.454548
760631	42.542847
760632	50.684929
760633	46.258743
760634	22.198586
760635	41.131107
760636	34.967533
760637	30.396811
760638	75.052849
760639	41.701595
760640	50.862873
760641	43.048103
760642	39.375858
760643	48.539410
760644	44.460945
760645	26.334801
760646	38.947815
760647	45.747025
760648	38.333332
760649	54.368282
760650	43.352940
760652	38.596489
760653	43.300964
760654	28.460878
760655	20.205072
760656	45.461040
760657	50.551765
760659	40.930172
760661	30.002117
760662	48.752968
760663	37.380951
760664	40.799297
760668	38.485806
760669	39.607033
760670	19.871796
760675	47.701584
760677	53.508770
760681	38.981869
760682	40.000000
760686	43.968254
760687	32.284321
760702	46.061436
760703	35.677086
760705	32.692307
760706	45.450409
760707	49.545536
760708	49.935978
760711	40.632053
760716	38.817287
760718	60.000004
760724	36.858974
760725	48.148148
760726	39.909298
760730	54.343433
760734	51.021637
760735	40.193237
760736	55.217392
760738	43.636364
760739	39.425053
760750	74.644066
760752	50.987839
760756	38.336193
760757	45.333336
760807	43.731178
760809	38.579540
760810	37.007980
760901	48.842194
760904	39.916840
760906	39.274807
760908	54.284657
760909	33.302204
760910	39.500000
760912	41.050346
760913	47.712418
760914	33.315128
760915	29.009645
760916	37.234039
760917	24.580051
760919	38.006676
760920	25.747786
760922	37.292923
760923	41.542553
760927	29.680672
760928	48.133335
760929	44.888367
760930	32.121212
760931	67.631149
760932	44.234543
760933	40.441711
760934	26.610979
760935	40.418118
760936	38.372440
760938	33.460423
760941	37.166668
760942	45.910175
760943	53.392429
760944	49.000000
760945	49.000000
760948	31.045944
760949	63.368423
760950	53.788006
760951	40.398483
760952	18.282270
760953	43.361343
761002	36.726807
761003	41.702126
761004	63.501484
761005	38.898758
761006	47.214077
761007	52.189781
761008	35.606060
761010	44.270676
761011	33.230770
761101	29.701591
761102	27.905964
761103	25.433441
761104	30.777254
761105	31.050228
761106	34.730537
761107	23.857143
761108	35.056747
761109	7.876712
761110	34.939758
761111	16.129032
761112	22.403839
761113	25.000000
761115	49.153297
761116	22.350845
761117	26.991493
770107	50.455372
770131	50.000000
780101	42.903225
780102	28.268579
780103	37.912090
780104	30.122822
780105	29.757786
780107	30.499676
780109	38.518517
780110	29.218573
780111	32.164635
780202	17.850998
780205	16.501890
780301	44.754654
780303	41.269840
780306	33.025639
780401	49.924583
780402	36.725662
780403	31.806417
780404	41.890690
780405	35.967907
780406	38.181816
780408	42.578125
780409	45.161289
780501	25.694597
780503	40.000000
780504	40.712337
780505	55.109344
780506	31.644491
780507	43.678162
780508	43.741959
780509	23.157894
780510	40.633663
